|4992|1----0:0
0.665371
1
[[  6.65370643e-01   3.34830165e+00   2.62844157e+00   3.64887428e+00
    2.92792082e+00   3.65688944e+00  -1.32997394e+00  -3.38322461e-01
   -2.20131850e+00  -1.63634467e+00  -3.22186899e+00  -3.65110230e+00
   -2.09673309e+00  -4.14482784e+00  -2.09486508e+00  -9.27399933e-01
   -1.39564002e+00  -1.58876932e+00  -1.06818497e+00  -2.53108835e+00
   -4.33107948e+00  -9.56661820e-01  -8.06402087e-01  -2.41510057e+00
   -2.31777978e+00  -2.51995325e+00  -2.62042689e+00  -4.18949890e+00
   -2.10488486e+00   2.67024040e+00  -3.37905765e+00  -3.50917196e+00
   -2.35582733e+00   9.82623041e-01  -2.52971798e-01  -1.53119886e+00
    2.17901397e+00  -3.48893428e+00  -2.57140613e+00  -2.01056194e+00
   -3.34898806e+00  -1.84321296e+00  -5.80365038e+00   1.04726207e+00
   -2.45932174e+00  -1.77094698e+00  -3.48127198e+00  -1.70735717e+00
    1.38999641e-01  -1.20201063e+00   2.92205304e-01   4.93216181e+00
   -2.64687371e+00  -2.41749477e+00  -2.10823011e+00  -1.88984439e-01
   -4.19824028e+00  -3.63693881e+00  -3.31310964e+00   1.40481079e+00
   -6.44060731e-01  -1.88042462e+00   1.26849806e+00  -6.37338698e-01
    2.82816386e+00   9.43554223e-01  -4.62715715e-01  -1.85940564e+00
   -1.56316578e+00  -2.94385862e+00  -4.60332298e+00  -1.51311719e+00
   -2.32045770e+00  -7.25332260e-01  -3.35792828e+00  -3.69909739e+00
   -1.96800005e+00  -3.86625218e+00  -2.32043648e+00  -1.40652585e+00
   -1.46096981e+00  -5.88239670e+00  -3.65120125e+00  -2.47616386e+00
   -2.13141513e+00  -3.91923428e+00  -3.15265632e+00   7.99732268e-01
    2.25887799e+00  -1.64521694e+00  -1.65177560e+00  -1.40626240e+00
   -3.59122753e+00  -1.54586295e-02   2.26077527e-01   8.31749558e-01
    1.59119511e+00  -6.43049717e+00  -3.00104070e+00  -2.06748199e+00
   -3.14154029e+00   2.22320271e+00  -1.59697878e+00   2.77588272e+00
   -3.81664324e+00   8.06847095e-01   2.34353736e-01   3.37824798e+00
   -2.26832485e+00  -1.26802993e+00  -4.47086239e+00  -1.95306134e+00
   -2.92775512e-01  -1.32896316e+00  -1.98488474e+00  -3.27470899e+00
   -1.23929906e+00  -6.25352502e-01   1.21260536e+00  -2.96964979e+00
   -1.44337606e+00   8.09236765e-01   3.42342407e-01   3.37580323e-01
   -2.47668242e+00  -1.26902437e+00   1.40256703e+00  -4.49887133e+00
   -6.24144197e-01  -1.90991938e+00  -3.95861244e+00  -1.77411127e+00
   -1.00079632e+00  -3.19059610e+00  -2.09143448e+00  -1.78952301e+00
   -2.13952374e+00  -3.43053436e+00  -3.15956593e+00  -6.46974850e+00
   -4.37694931e+00  -6.00646877e+00  -6.03930473e+00  -6.35263777e+00
   -2.84955049e+00   6.22643828e-01  -2.90965247e+00  -4.65836555e-01
    4.42122746e+00   2.78699923e+00   5.04969406e+00  -4.51576203e-01
   -2.52122855e+00  -2.50920057e+00  -3.13086438e+00  -2.32801008e+00
   -2.06116819e+00  -9.80708718e-01  -2.48132610e+00  -2.86388588e+00
   -8.68664324e-01  -1.84853339e+00  -1.96620679e+00   4.31476057e-01
   -4.71256860e-03   1.47283006e+00  -1.21004367e+00  -2.59269261e+00
    5.66962101e-02  -6.74427390e-01   1.07591915e+00  -1.08768451e+00
    1.18041229e+00  -1.16615832e+00  -4.29556668e-01  -5.37159860e-01
   -6.41729176e-01   8.74923944e-01   5.91548562e-01  -3.66026282e-01
   -1.08462930e+00  -1.90332699e+00  -1.43542922e+00  -3.61889303e-01
   -1.56806254e+00  -1.28237975e+00   2.31176779e-01  -1.50543606e+00
   -9.10381258e-01   1.10584533e+00  -7.03642726e-01  -1.29366994e-01
   -1.17956579e+00  -2.38419104e+00  -1.22828782e+00  -4.40795898e-01
   -1.27885294e+00  -3.16430211e-01  -4.69324589e-01  -6.27202272e-01
   -2.48709249e+00  -1.73106170e+00  -2.22385240e+00   2.96377683e+00
   -2.58183360e+00  -2.67698675e-01   2.57753539e+00  -1.27522796e-01
    9.82709229e-01  -3.33873004e-01   5.47515571e-01  -1.82443202e+00
   -9.41347837e-01  -1.56178093e+00  -1.57245326e+00  -1.11985767e+00
   -2.64152884e-01   7.15347454e-02  -1.58975899e+00  -2.20795584e+00
   -7.57275879e-01   6.40723947e-03   4.55693752e-01   9.81467247e-01
    2.07407743e-01   3.88430715e-01  -1.26589596e+00   7.51626015e-01
    1.63154870e-01   1.20956516e+00  -2.82576084e+00  -2.36883283e+00
   -8.80591691e-01   8.23780060e-01  -1.89686012e+00  -1.56863415e+00
    8.43316197e-01  -9.94010687e-01  -4.65734541e-01   2.24226967e-01
   -3.51424599e+00  -1.60868871e+00   2.13499978e-01   1.20911956e+00
    5.92215836e-01   1.76411644e-01   1.78911328e+00   5.59806116e-02
   -1.11425292e+00  -1.19980955e+00  -1.68411112e+00  -6.24720573e-01
    1.53224802e+00  -1.88643718e+00   8.67048442e-01   8.36167097e-01
   -9.46191907e-01  -9.42632258e-01   7.57572055e-02  -2.26624656e+00
    6.77949429e-01  -8.93497765e-01   6.83827773e-02  -2.21693683e+00
   -2.16822863e+00  -2.84940529e+00  -7.05530286e-01  -2.15097144e-01
   -5.84775805e-01  -1.38950932e+00  -8.64160597e-01  -1.70926094e+00
   -1.19287036e-01   1.23062110e+00  -2.44150424e+00  -2.66400337e+00
   -4.94057941e+00  -2.74443293e+00  -3.98778772e+00  -1.78733170e+00
   -6.47867799e-01  -3.71546805e-01  -9.01627123e-01  -1.42575228e+00
    9.28933740e-01   1.21009779e+00   4.35010910e-01  -8.02091956e-01
   -1.18381739e+00  -1.30724180e+00   7.70804644e-01  -1.86183763e+00
    3.60653430e-01  -2.93692946e+00  -8.75757277e-01   3.07117075e-01
   -4.71611112e-01   2.35425210e+00  -1.88075233e+00  -4.04267788e-01
   -2.41136837e+00  -4.81505251e+00  -7.84779668e-01  -4.13933516e+00
   -4.03679371e+00  -3.09163117e+00  -1.55196767e-02  -6.00650406e+00
   -4.57554722e+00  -2.38216996e+00  -1.00140679e+00  -2.52131772e+00
   -3.25205302e+00  -9.98320699e-01  -1.36329997e+00  -2.53419161e+00
   -4.67174721e+00  -5.68620300e+00  -5.72406530e+00  -3.16122985e+00
   -3.93831658e+00  -4.03692865e+00  -3.41969824e+00  -2.48578811e+00
   -3.77401423e+00  -4.21759701e+00  -3.50167608e+00  -2.03461647e+00
   -1.98278451e+00  -2.45452356e+00  -2.05341220e+00  -7.46389687e-01
    3.05394650e-01  -1.33309877e+00   1.38151303e-01   2.75056899e-01
   -3.76176262e+00   1.58491647e+00  -4.74031591e+00   3.85469466e-01
   -1.30260527e-01   1.80587232e+00  -1.03727281e+00  -7.97174156e-01
    6.87648118e-01   1.34604704e+00  -2.34814882e+00   1.67439133e-02
   -1.68299365e+00  -1.66448021e+00  -8.06573153e-01  -2.12826896e+00
   -4.25739002e+00  -1.54439890e+00  -6.14645541e-01   5.56123257e-01
   -7.17040896e-01  -5.89427173e-01  -9.22750473e-01  -1.04180872e+00
   -8.34458232e-01   4.96353954e-01  -7.56924212e-01   7.52249122e-01
    1.32863533e+00   1.43403006e+00  -3.86602044e-01   1.55552387e+00
    3.75799149e-01   2.44692779e+00   1.68348467e+00   1.95876777e+00
    1.25293016e+00   1.75434160e+00   3.30423743e-01   1.84132040e+00
    4.18798983e-01  -2.85949528e-01   2.18879676e+00  -2.88923144e-01
    2.57960391e+00  -2.56849140e-01   1.02216244e-01   7.67940044e-01
    2.42081627e-01   1.75402367e+00   1.91218662e+00  -3.14171314e-01
    1.57787573e+00   1.61914134e+00   1.16812623e+00   2.31664991e+00
    9.26014900e-01  -3.66465640e+00   1.99140537e+00   4.38240147e+00
   -5.63323379e-01   1.87169313e+00   1.28809369e+00   5.13165188e+00
    1.35609233e+00   1.31540143e+00   9.23905015e-01  -4.19953251e+00
   -2.52564758e-01  -6.52368367e-01   1.30189955e+00   3.90624166e+00
    2.53008413e+00   2.75393987e+00   1.21792287e-01   7.38213658e-01
    1.64262128e+00   2.37717962e+00   1.32761151e-01   7.09593058e-01
    2.00267935e+00   2.69207764e+00  -2.07220221e+00  -1.34141338e+00
    1.57042634e+00   3.59933877e+00   1.85942662e+00   5.04288387e+00
    2.92362237e+00   2.03159595e+00  -1.55809724e+00   9.74393666e-01
    8.85367274e-01  -1.98774517e+00   2.68313199e-01   6.05486691e-01
    1.12539792e+00  -1.62548351e+00  -5.22222137e+00  -5.34253538e-01
    7.38462090e-01  -2.07935214e+00   2.89572811e+00   1.48724580e+00
    2.85265303e+00   2.84995961e+00   3.47583222e+00  -1.08383644e+00
   -8.04654360e-01   5.13401866e-01   2.42273664e+00  -1.57927498e-01
   -3.35560393e+00   3.61978984e+00   1.66857207e+00   2.57255888e+00
   -1.90218604e+00   4.47955465e+00   4.00958014e+00  -1.53948224e+00
    3.60933089e+00   2.13246560e+00  -2.91622949e+00   3.45687413e+00
   -2.27368164e+00   2.76043487e+00   8.80091369e-01   1.08898962e+00
    3.86951923e-01   3.16931295e+00   4.30792475e+00   3.19179678e+00
    4.68156910e+00   3.84754467e+00  -1.06492765e-01  -4.10207719e-01
    1.17279768e-01  -1.63354293e-01   3.67957860e-01   3.21704745e+00
    2.58763671e+00   1.54968095e+00   3.14107507e-01  -2.70166695e-01
    5.44586611e+00   1.30898154e+00   9.29122865e-02  -3.84582251e-01
   -1.16676509e+00  -1.26221752e+00  -7.32408583e-01   2.17752004e+00
    7.40918517e-01  -1.06921554e+00   2.34261799e+00   1.02719486e+00
   -1.16157722e+00   2.16999665e-01   3.92741323e+00   4.13248253e+00
   -5.12790799e-01  -1.95649791e+00   3.93358254e+00   2.42693830e+00
   -6.19711459e-01   3.05223727e+00   4.66187835e-01   2.13270354e+00
    6.94857597e-01   2.33603668e+00   1.80892432e+00  -4.25701767e-01
   -1.29967082e+00   4.16197151e-01  -8.01032901e-01   5.28442204e-01
   -1.13415766e+00   1.28733110e+00   4.09051132e+00   7.91604340e-01
    4.14591938e-01   3.39386916e+00   1.23533654e+00  -1.54632732e-01
   -8.55754137e-01  -1.95451331e+00  -9.26615357e-01   3.31057763e+00
    3.29738808e+00  -1.48036885e+00   1.40824902e+00   1.74460387e+00
   -1.13951635e+00   1.59919715e+00   3.98723930e-01  -1.53207982e+00
    1.29184902e+00  -2.47579479e+00   1.44331360e+00  -7.39562139e-02
   -5.07550836e-01  -1.96353459e+00   1.57810915e+00   1.17165767e-01
    1.21550691e+00   1.75242722e+00   1.83658278e+00   2.52541256e+00
   -1.13166595e+00   3.18476367e+00   1.39960361e+00   2.96621633e+00
    3.72318482e+00  -1.24763024e+00   2.71767282e+00  -1.19116175e+00
   -3.58585775e-01   1.85666192e+00   3.17929417e-01   2.50450420e+00
    2.28158593e+00   2.92317122e-01   5.60038626e-01   1.44143856e+00
   -9.62233782e-01   5.76700020e+00  -5.13570547e-01  -1.33906960e+00
    4.66346741e+00   4.83256280e-01   4.99037467e-03   8.16999003e-02
    1.79938293e+00   6.10461235e+00   8.14764917e-01   6.08348799e+00
    6.63523614e-01  -3.27680707e-01  -7.15439320e-01   2.76709485e+00
    2.38452339e+00   3.96229148e+00  -3.66100013e-01   1.30409670e+00
    3.43397355e+00  -1.97122598e+00   2.69217849e+00   6.05148220e+00
   -9.01348516e-02   4.29372676e-03  -1.57967532e+00  -1.17408895e+00
    1.16701531e+00   1.23729002e+00   4.14522827e-01  -2.19563675e+00
   -2.35989165e+00  -5.50365448e-02   7.05005169e-01   4.48701811e+00
    4.87550169e-01   1.47741809e-01   6.27671385e+00  -5.30618131e-01
    2.27587891e+00   2.08896399e+00   2.07855368e+00  -4.06674147e-01
    2.72731996e+00  -6.40262604e-01   3.47087592e-01  -1.65833509e+00
    3.11647344e+00   1.45741260e+00   2.74643469e+00  -2.54664683e+00
    5.80339766e+00   1.62251496e+00   1.01861763e+00  -1.41104579e+00
   -9.98724818e-01   2.29649472e+00   1.23622644e+00   3.11367488e+00
    3.08956861e-01  -1.58467925e+00  -1.83584332e+00  -3.59382868e+00
    1.66483927e+00   7.08635449e-01   1.07900966e-02   3.16500974e+00
   -1.12264073e+00  -1.10954118e+00   1.09727585e+00  -1.54948568e+00
    2.27071977e+00  -9.77400243e-01   5.82890892e+00  -4.46577281e-01
    2.32539845e+00  -5.07323444e-01   1.33188832e+00  -8.51752982e-03
   -5.01821041e+00   1.41916835e+00   2.44214964e+00   7.59230256e-01
   -2.30783606e+00  -9.90596831e-01  -1.64674163e-01  -6.12212360e-01
    3.09469771e+00   1.59633547e-01   1.30868363e+00   1.68653703e+00
    1.07949197e+00   2.60215211e+00   6.82362461e+00   1.92821503e+00
    4.43852854e+00   4.71814245e-01  -4.27277517e+00  -2.01160645e+00
    5.40271091e+00   3.55389977e+00   6.48805201e-02   1.79067159e+00
    3.92606997e+00  -7.50078559e-01  -1.22846913e+00  -8.42696846e-01
    5.49865007e-01   4.17341137e+00  -4.89858508e-01  -1.50834667e-02
    2.59509516e+00  -9.57550406e-01  -5.31865835e-01   5.54311943e+00
    1.87475979e+00  -7.94769645e-01   5.00225401e+00  -4.67797375e+00
    1.33925688e+00  -3.40212613e-01  -1.19537675e+00   5.54805875e-01
    2.49206042e+00  -1.99739623e+00   6.40202641e-01   1.44673085e+00
    4.72803324e-01   2.70252538e+00   2.23454571e+00   2.78819537e+00
    4.06387269e-01  -2.85775328e+00   5.89060116e+00  -3.46361011e-01
    2.59311616e-01   1.31027019e+00  -6.43149316e-01   1.42880273e+00
   -3.14355910e-01   1.79414004e-02   2.93609357e+00  -9.76473033e-01
    1.40856460e-01   7.02145624e+00   1.71167266e+00   5.02604342e+00
   -1.05914168e-01  -2.40393424e+00   2.94888437e-01  -8.06099594e-01
   -5.41696787e-01   2.13851285e+00   7.82343805e-01   5.60534358e-01
    1.87904999e-01  -1.08714199e+00   1.20334077e+00  -5.97030044e-01
   -1.86758295e-01  -2.46466303e+00   1.01829723e-01  -1.62392294e+00
    1.60652089e+00   7.55255878e-01  -6.18570685e-01   4.82199907e+00
    3.37455153e+00   8.44990373e-01   1.76347494e+00   2.39081883e+00
    1.68141782e+00   1.44050038e+00   3.22070265e+00   1.36758244e+00
    3.94796991e+00   3.87732887e+00  -1.18671298e+00   1.90075159e+00
    2.48722625e+00   1.05132091e+00   6.76650465e-01   3.92278051e+00
    6.83036685e-01   3.42620564e+00  -3.27972603e+00   5.08582211e+00
   -3.74851155e+00  -1.42739892e+00   1.72950113e+00  -1.09067369e+00
   -3.27287555e-01   6.30580604e-01  -1.82245529e+00   1.51050478e-01
    1.88167572e+00   3.57875729e+00   9.51813757e-01   1.63135624e+00
   -1.38699368e-01   9.23141465e-02   4.16744280e+00  -3.12938720e-01
   -5.13130128e-02   1.92402208e+00   2.73060250e+00  -1.98959875e+00
   -3.01428080e+00  -3.42293215e+00  -2.05817938e+00  -4.21888947e-01
   -1.41878676e+00  -7.56638944e-01  -5.97128510e-01   3.01927543e+00
    1.52207577e+00   2.20981431e+00   1.47107303e+00   4.67775583e+00
   -4.55224991e-01   1.58209467e+00   4.02688646e+00  -5.46463370e-01
   -1.46502554e+00   1.03277206e+00  -6.92569464e-02  -1.32650152e-01
    4.54422331e+00   2.15695524e+00   3.20060015e-01  -2.80204058e-01
    1.49426341e+00   1.41774404e+00   3.71596456e+00   1.89280093e+00
    2.82465982e+00   2.01895332e+00  -2.35107327e+00   4.55352402e+00
    6.66898584e+00  -8.54814231e-01  -1.28016686e+00   1.74549675e+00
    8.36795449e-01  -1.18320060e+00  -8.21816146e-01   4.16981173e+00
    2.69511437e+00  -4.16629410e+00  -5.77725172e-02  -4.16695088e-01
    3.29393983e+00  -1.21522522e+00  -6.94563925e-01  -7.16347173e-02
   -3.95782542e+00   1.03534198e+00   4.21358538e+00   3.06154013e+00
    4.08509111e+00   9.76649880e-01   4.35624266e+00  -1.39518476e+00
    2.39018273e+00  -2.04785013e+00  -2.40410948e+00   2.29269385e+00
   -7.24778116e-01   6.80886984e+00   1.86219275e+00   2.34860706e+00
   -7.66271129e-02   1.56899989e+00   3.26153350e+00  -3.28271556e+00
    2.39546227e+00   2.02291155e+00  -1.52082717e+00   1.38710761e+00
    1.38431299e+00   2.86499953e+00   1.08574200e+00  -3.79180044e-01
   -2.79676825e-01  -1.56038177e+00   1.69372535e+00  -1.55395865e+00
    8.21654975e-01  -9.81736898e-01  -1.23295414e+00   4.60228252e+00
   -9.74261522e-01   3.18705058e+00   3.64252591e+00  -2.68965773e-02
    4.07887268e+00   9.62878048e-01  -1.62702489e+00   3.09393024e+00
    4.34142590e+00   1.13600683e+00   2.51833367e+00   2.46062875e+00
    3.08538604e+00   4.19858885e+00   5.48567724e+00   5.00677252e+00
   -8.06262910e-01   3.36217403e+00   5.40381551e-01  -6.25642061e-01
    1.07803321e+00  -1.12832859e-01   7.97786903e+00   1.69859862e+00
    1.05238605e+00   4.44385672e+00  -1.29314601e+00   1.54461122e+00
    2.79152727e+00   1.74302685e+00   6.08365417e-01   2.01555490e+00
   -9.68995333e-01   2.91168737e+00   6.28406191e+00   1.87959754e+00
   -3.20623964e-01   4.68832195e-01  -6.24657989e-01  -1.65755916e+00
    8.31819415e-01   1.40445662e+00   5.03113127e+00   4.70936894e-01
    7.89607823e-01   2.08691454e+00   1.98464668e+00   4.01516151e+00
   -6.32766128e-01   2.10218239e+00   1.32381663e-01   1.52340829e+00
    4.57006359e+00   5.10922146e+00   3.43500209e+00   8.14443648e-01
   -2.68215418e+00  -7.88221359e-01  -2.16367912e+00  -1.32201815e+00
    2.68870568e+00   1.74282598e+00  -5.01669288e-01   6.18577099e+00
    1.04000795e+00   3.11136794e+00  -1.74606466e+00   3.59397721e+00
    2.26204419e+00  -1.78493440e-01  -6.81674033e-02  -1.38596332e+00
   -3.22997165e+00  -2.34029341e+00  -1.99841082e+00  -2.92825437e+00
   -4.23574543e+00  -1.35119629e+00  -1.59021258e+00  -6.53324962e-01
    1.38451695e+00  -2.98586869e+00  -1.55094361e+00  -3.87545824e+00
    6.59529805e-01  -2.44043398e+00  -5.42843044e-02  -4.81623858e-01
   -2.78082514e+00  -2.86776423e+00  -2.71327972e+00  -7.23685384e-01
   -3.09100151e+00  -1.38729477e+00  -1.65878928e+00  -1.88243020e+00
   -3.12442946e+00  -2.07979012e+00  -6.96650684e-01  -8.98785174e-01
   -2.32558227e+00  -3.00673795e+00   1.18692994e+00   1.84740853e+00
    4.40078020e-01  -3.10256267e+00  -1.62311268e+00  -1.88608396e+00
   -4.07420921e+00  -2.42147350e+00  -3.59572458e+00  -3.37751436e+00
   -1.02081811e+00  -1.88219965e+00   2.11731768e+00   4.27705377e-01
   -8.73416483e-01  -9.74606991e-01   5.67598164e-01   1.31851232e+00
   -1.72580683e+00  -6.57907426e-02  -1.20588267e+00  -6.93378627e-01
   -3.15025067e+00  -2.34899476e-01  -2.77220082e+00  -1.08923009e-02
   -1.46345270e+00  -3.18359685e+00   1.50924712e-01   1.20282567e+00
   -3.03098464e+00  -2.76735854e+00  -3.14873075e+00  -2.45401597e+00
   -3.04683495e+00  -5.51462364e+00  -2.55848742e+00  -2.97908282e+00
   -3.27979112e+00  -3.05378914e+00  -1.68059611e+00  -1.74314427e+00
   -3.84810418e-01  -2.17841125e+00  -9.85966682e-01  -1.30152750e+00]]
1.14864
2
[[ 0.66537064  3.34830165  2.62844157 ..., -2.17841125 -0.98596668
  -1.3015275 ]
 [ 1.14863646  3.48233891  3.00736141 ..., -0.82612258 -1.08358228
  -0.80920774]]
0.286039
3
[[ 0.66537064  3.34830165  2.62844157 ..., -2.17841125 -0.98596668
  -1.3015275 ]
 [ 1.14863646  3.48233891  3.00736141 ..., -0.82612258 -1.08358228
  -0.80920774]
 [ 0.28603932  3.51302028 -0.67514098 ..., -3.45929599  0.75679314
  -0.4027743 ]]
-2.75643
4
[[ 0.66537064  3.34830165  2.62844157 ..., -2.17841125 -0.98596668
  -1.3015275 ]
 [ 1.14863646  3.48233891  3.00736141 ..., -0.82612258 -1.08358228
  -0.80920774]
 [ 0.28603932  3.51302028 -0.67514098 ..., -3.45929599  0.75679314
  -0.4027743 ]
 [-2.75642586  1.3883636  -1.14125335 ..., -3.11293173 -0.6078037
   0.08205047]]
-2.20197
5
[[ 0.66537064  3.34830165  2.62844157 ..., -2.17841125 -0.98596668
  -1.3015275 ]
 [ 1.14863646  3.48233891  3.00736141 ..., -0.82612258 -1.08358228
  -0.80920774]
 [ 0.28603932  3.51302028 -0.67514098 ..., -3.45929599  0.75679314
  -0.4027743 ]
 [-2.75642586  1.3883636  -1.14125335 ..., -3.11293173 -0.6078037
   0.08205047]
 [-2.20197177  1.38517058 -2.29996991 ..., -2.13819218  2.07137108
  -0.95718765]]
-2.60237
6
[[ 0.66537064  3.34830165  2.62844157 ..., -2.17841125 -0.98596668
  -1.3015275 ]
 [ 1.14863646  3.48233891  3.00736141 ..., -0.82612258 -1.08358228
  -0.80920774]
 [ 0.28603932  3.51302028 -0.67514098 ..., -3.45929599  0.75679314
  -0.4027743 ]
 [-2.75642586  1.3883636  -1.14125335 ..., -3.11293173 -0.6078037
   0.08205047]
 [-2.20197177  1.38517058 -2.29996991 ..., -2.13819218  2.07137108
  -0.95718765]
 [-2.60237312  1.40062392  1.68304765 ..., -3.63484454  2.66180372
   0.32730502]]
0.95007
7
[[ 0.66537064  3.34830165  2.62844157 ..., -2.17841125 -0.98596668
  -1.3015275 ]
 [ 1.14863646  3.48233891  3.00736141 ..., -0.82612258 -1.08358228
  -0.80920774]
 [ 0.28603932  3.51302028 -0.67514098 ..., -3.45929599  0.75679314
  -0.4027743 ]
 ..., 
 [-2.20197177  1.38517058 -2.29996991 ..., -2.13819218  2.07137108
  -0.95718765]
 [-2.60237312  1.40062392  1.68304765 ..., -3.63484454  2.66180372
   0.32730502]
 [ 0.95007032 -1.94011927  0.27720392 ..., -1.40559876  1.36534774
  -1.31299484]]
1.83624
8
[[ 0.66537064  3.34830165  2.62844157 ..., -2.17841125 -0.98596668
  -1.3015275 ]
 [ 1.14863646  3.48233891  3.00736141 ..., -0.82612258 -1.08358228
  -0.80920774]
 [ 0.28603932  3.51302028 -0.67514098 ..., -3.45929599  0.75679314
  -0.4027743 ]
 ..., 
 [-2.60237312  1.40062392  1.68304765 ..., -3.63484454  2.66180372
   0.32730502]
 [ 0.95007032 -1.94011927  0.27720392 ..., -1.40559876  1.36534774
  -1.31299484]
 [ 1.83623993  0.42572382  3.4815321  ..., -0.33612767  4.20835209
  -1.66109014]]
-0.663746
9
[[ 0.66537064  3.34830165  2.62844157 ..., -2.17841125 -0.98596668
  -1.3015275 ]
 [ 1.14863646  3.48233891  3.00736141 ..., -0.82612258 -1.08358228
  -0.80920774]
 [ 0.28603932  3.51302028 -0.67514098 ..., -3.45929599  0.75679314
  -0.4027743 ]
 ..., 
 [ 0.95007032 -1.94011927  0.27720392 ..., -1.40559876  1.36534774
  -1.31299484]
 [ 1.83623993  0.42572382  3.4815321  ..., -0.33612767  4.20835209
  -1.66109014]
 [-0.6637463   0.28137815  2.41492438 ..., -0.32525712  4.95916796
  -3.45749307]]
0.564432
10
[[ 0.66537064  3.34830165  2.62844157 ..., -2.17841125 -0.98596668
  -1.3015275 ]
 [ 1.14863646  3.48233891  3.00736141 ..., -0.82612258 -1.08358228
  -0.80920774]
 [ 0.28603932  3.51302028 -0.67514098 ..., -3.45929599  0.75679314
  -0.4027743 ]
 ..., 
 [ 1.83623993  0.42572382  3.4815321  ..., -0.33612767  4.20835209
  -1.66109014]
 [-0.6637463   0.28137815  2.41492438 ..., -0.32525712  4.95916796
  -3.45749307]
 [ 0.5644322   0.79626906  1.43378818 ..., -0.11859218  4.44094944
  -2.70825195]]
-0.623933
11
[[ 0.66537064  3.34830165  2.62844157 ..., -2.17841125 -0.98596668
  -1.3015275 ]
 [ 1.14863646  3.48233891  3.00736141 ..., -0.82612258 -1.08358228
  -0.80920774]
 [ 0.28603932  3.51302028 -0.67514098 ..., -3.45929599  0.75679314
  -0.4027743 ]
 ..., 
 [-0.6637463   0.28137815  2.41492438 ..., -0.32525712  4.95916796
  -3.45749307]
 [ 0.5644322   0.79626906  1.43378818 ..., -0.11859218  4.44094944
  -2.70825195]
 [-0.62393343  3.54457426  0.74885917 ..., -1.03608739  0.5767616
  -1.0265193 ]]
-0.703551
12
[[ 0.66537064  3.34830165  2.62844157 ..., -2.17841125 -0.98596668
  -1.3015275 ]
 [ 1.14863646  3.48233891  3.00736141 ..., -0.82612258 -1.08358228
  -0.80920774]
 [ 0.28603932  3.51302028 -0.67514098 ..., -3.45929599  0.75679314
  -0.4027743 ]
 ..., 
 [ 0.5644322   0.79626906  1.43378818 ..., -0.11859218  4.44094944
  -2.70825195]
 [-0.62393343  3.54457426  0.74885917 ..., -1.03608739  0.5767616
  -1.0265193 ]
 [-0.70355117  2.04765987  2.05540299 ..., -1.42354882  2.89001584
  -1.38304901]]
1.99432
13
[[ 0.66537064  3.34830165  2.62844157 ..., -2.17841125 -0.98596668
  -1.3015275 ]
 [ 1.14863646  3.48233891  3.00736141 ..., -0.82612258 -1.08358228
  -0.80920774]
 [ 0.28603932  3.51302028 -0.67514098 ..., -3.45929599  0.75679314
  -0.4027743 ]
 ..., 
 [-0.62393343  3.54457426  0.74885917 ..., -1.03608739  0.5767616
  -1.0265193 ]
 [-0.70355117  2.04765987  2.05540299 ..., -1.42354882  2.89001584
  -1.38304901]
 [ 1.99431503 -1.41540909  2.55959153 ..., -1.52773678  4.4194932
  -0.53338838]]
3.03404
14
[[ 0.66537064  3.34830165  2.62844157 ..., -2.17841125 -0.98596668
  -1.3015275 ]
 [ 1.14863646  3.48233891  3.00736141 ..., -0.82612258 -1.08358228
  -0.80920774]
 [ 0.28603932  3.51302028 -0.67514098 ..., -3.45929599  0.75679314
  -0.4027743 ]
 ..., 
 [-0.70355117  2.04765987  2.05540299 ..., -1.42354882  2.89001584
  -1.38304901]
 [ 1.99431503 -1.41540909  2.55959153 ..., -1.52773678  4.4194932
  -0.53338838]
 [ 3.03404164  0.79727185 -2.23791957 ..., -1.09359145  1.09136558
  -1.68175662]]
2.24523
15
[[ 0.66537064  3.34830165  2.62844157 ..., -2.17841125 -0.98596668
  -1.3015275 ]
 [ 1.14863646  3.48233891  3.00736141 ..., -0.82612258 -1.08358228
  -0.80920774]
 [ 0.28603932  3.51302028 -0.67514098 ..., -3.45929599  0.75679314
  -0.4027743 ]
 ..., 
 [ 1.99431503 -1.41540909  2.55959153 ..., -1.52773678  4.4194932
  -0.53338838]
 [ 3.03404164  0.79727185 -2.23791957 ..., -1.09359145  1.09136558
  -1.68175662]
 [ 2.24522901 -0.74275154 -1.54152775 ..., -0.94182879  2.5799439
  -3.41503143]]
1.36596
16
[[ 0.66537064  3.34830165  2.62844157 ..., -2.17841125 -0.98596668
  -1.3015275 ]
 [ 1.14863646  3.48233891  3.00736141 ..., -0.82612258 -1.08358228
  -0.80920774]
 [ 0.28603932  3.51302028 -0.67514098 ..., -3.45929599  0.75679314
  -0.4027743 ]
 ..., 
 [ 3.03404164  0.79727185 -2.23791957 ..., -1.09359145  1.09136558
  -1.68175662]
 [ 2.24522901 -0.74275154 -1.54152775 ..., -0.94182879  2.5799439
  -3.41503143]
 [ 1.36596048 -0.91380155 -2.05272794 ..., -0.6699602   1.08709347
  -2.71467757]]
Finish
